{"flickr_dog_000002.jpg": {"camera": {"orientation": [[0.9919095333121241, 0.12146474679924717, -0.036865592273713166], [0.12687988420664204, -0.9573744251263433, 0.25949113061450696], [-0.003775128131069342, -0.2620695845932541, -0.965041570857215]], "position": [0.15729381702840328, 2.775772164265315, 9.045103192329407], "focal_length": [512.0], "principal_point": [128.0, 128.0], "image_size": [256, 256], "skew": [0.0], "pixel_aspect_ratio": [1.0]}, "identity": 0}, "flickr_dog_000003.jpg": {"camera": {"orientation": [[0.9415861678578415, -0.11133643016167555, -0.3178319293375571], [-0.07596724075002684, -0.9896648994299183, 0.12162381173985112], [-0.32808827214700464, -0.0903746234744999, -0.9403140085339017]], "position": [2.6293709874153137, 1.157075787583987, 7.373433808485667], "focal_length": [512.0], "principal_point": [128.0, 128.0], "image_size": [256, 256], "skew": [0.0], "pixel_aspect_ratio": [1.0]}, "identity": 1}, "flickr_dog_000012.jpg": {"camera": {"orientation": [[0.969138307254743, 0.18943941080543786, 0.15773648524975195], [0.027010781431946934, -0.7176265882843627, 0.6959037925319093], [0.24502756341214402, -0.6701674271460435, -0.700597373018712]], "position": [-2.9136506219704947, 8.237103124459585, 7.990247011184692], "focal_length": [512.0], "principal_point": [128.0, 128.0], "image_size": [256, 256], "skew": [0.0], "pixel_aspect_ratio": [1.0]}, "identity": 10}, "flickr_dog_000110.jpg": {"camera": {"orientation": [[0.9694919154072852, 0.12577998972882506, 0.21038550283948165], [0.033023528983674444, -0.9175030989705586, 0.39635513657510046], [0.24288291861444128, -0.37731597095778857, -0.8936668265491327]], "position": [-2.136500676472982, 3.579690804084142, 7.600510617097219], "focal_length": [512.0], "principal_point": [128.0, 128.0], "image_size": [256, 256], "skew": [0.0], "pixel_aspect_ratio": [1.0]}, "identity": 100}, "flickr_dog_001117.jpg": {"camera": {"orientation": [[0.9715197718718013, 0.20748120779688858, -0.11444750533213201], [0.22569300525006555, -0.9573819227947855, 0.1802289211160576], [-0.07217583007349428, -0.2009262178925602, -0.9769438435899241]], "position": [0.6370489796002706, 1.3010301937659583, 6.9156646728515625], "focal_length": [512.0], "principal_point": [128.0, 128.0], "image_size": [256, 256], "skew": [0.0], "pixel_aspect_ratio": [1.0]}, "identity": 1000}, "flickr_dog_001118.jpg": {"camera": {"orientation": [[0.9990122305590354, 0.011845287664189675, -0.04279722132417901], [0.017661894245936456, -0.9902463881984719, 0.13820323882104477], [-0.04074273535936834, -0.13882278951646945, -0.9894787762644215]], "position": [0.27030687779188156, 1.1023890227079391, 6.161595384279887], "focal_length": [512.0], "principal_point": [128.0, 128.0], "image_size": [256, 256], "skew": [0.0], "pixel_aspect_ratio": [1.0]}, "identity": 1001}, "flickr_dog_001119.jpg": {"camera": {"orientation": [[0.9982010797979425, -0.036099543455262464, -0.04784059292705752], [-0.02459829308818776, -0.9746841287162838, 0.22222902361344946], [-0.05465183753944989, -0.22065275416672478, -0.9738200569371049]], "position": [0.3581951993207137, 1.2661912788947425, 5.289125442504883], "focal_length": [512.0], "principal_point": [128.0, 128.0], "image_size": [256, 256], "skew": [0.0], "pixel_aspect_ratio": [1.0]}, "identity": 1002}, "flickr_dog_001121.jpg": {"camera": {"orientation": [[0.997835215542597, 0.04891603557094783, 0.04392541002504962], [0.04133880229229622, -0.9863570324021186, 0.15934519093604743], [0.05112067690167461, -0.15718463001651506, -0.9862452282009833]], "position": [-0.38288673385977745, 0.9595709542433422, 6.2492042779922485], "focal_length": [512.0], "principal_point": [128.0, 128.0], "image_size": [256, 256], "skew": [0.0], "pixel_aspect_ratio": [1.0]}, "identity": 1003}, "flickr_dog_001123.jpg": {"camera": {"orientation": [[0.9867503424298875, 0.10757377476990904, -0.12144454371832833], [0.15974837645699225, -0.7748574625564904, 0.6116175635062496], [-0.028308133752601335, -0.6229152998215078, -0.7817767352945678]], "position": [0.2707908861339092, 4.493585228919983, 5.280216534932455], "focal_length": [512.0], "principal_point": [128.0, 128.0], "image_size": [256, 256], "skew": [0.0], "pixel_aspect_ratio": [1.0]}, "identity": 1004}, "flickr_dog_001124.jpg": {"camera": {"orientation": [[0.9980491344641267, -0.03944403358771624, -0.0483688846324649], [-0.03946884634481179, -0.9992207030918142, 0.00044236694821089676], [-0.04834863963409129, 0.0014675607784161314, -0.9988294418068837]], "position": [0.3332800231873989, 0.1832490786910057, 5.192915598551433], "focal_length": [512.0], "principal_point": [128.0, 128.0], "image_size": [256, 256], "skew": [0.0], "pixel_aspect_ratio": [1.0]}, "identity": 1005}, "flickr_dog_001125.jpg": {"camera": {"orientation": [[0.9634896474425354, -0.23859279918349968, 0.12148448947826637], [-0.26328212998563755, -0.9267618413277183, 0.2679457202364013], [0.048657219775061746, -0.2901480055774297, -0.9557439767510361]], "position": [-0.35120484729607904, 2.108964820702871, 6.109282871087393], "focal_length": [512.0], "principal_point": [128.0, 128.0], "image_size": [256, 256], "skew": [0.0], "pixel_aspect_ratio": [1.0]}, "identity": 1006}, "flickr_dog_001126.jpg": {"camera": {"orientation": [[0.8701130546456933, -0.48670912027000324, 0.07755660293736469], [-0.49278023378349844, -0.8617937209146034, 0.12032888545260628], [0.008272581547810125, -0.14291826939893065, -0.989699913620242]], "position": [-0.006502712009629856, 1.0858123501141868, 5.661345521608989], "focal_length": [512.0], "principal_point": [128.0, 128.0], "image_size": [256, 256], "skew": [0.0], "pixel_aspect_ratio": [1.0]}, "identity": 1007}, "flickr_dog_001127.jpg": {"camera": {"orientation": [[0.9845903425799033, 0.10342500930314966, 0.14100458801924906], [0.017722558615786817, -0.8612122346594042, 0.5079362162871639], [0.1739682077505679, -0.4976108483048314, -0.8497754362503699]], "position": [-1.334981992840767, 4.2201121648152675, 6.716287632783255], "focal_length": [512.0], "principal_point": [128.0, 128.0], "image_size": [256, 256], "skew": [0.0], "pixel_aspect_ratio": [1.0]}, "identity": 1008}, "flickr_dog_001128.jpg": {"camera": {"orientation": [[0.9856694897349184, 0.1073897652128841, 0.13007885795842092], [0.09737403185741209, -0.9919404828153143, 0.08107012998388999], [0.13773659237863087, -0.06724214737272116, -0.9881837427056129]], "position": [-0.8651248489816984, 0.7492972537875175, 6.442636748154959], "focal_length": [512.0], "principal_point": [128.0, 128.0], "image_size": [256, 256], "skew": [0.0], "pixel_aspect_ratio": [1.0]}, "identity": 1009}, "flickr_dog_000112.jpg": {"camera": {"orientation": [[0.9953674267532915, -0.054472744199246505, -0.07920610729367795], [-0.018840514074573288, -0.9185177789804764, 0.3949303868391174], [-0.0942651702519015, -0.39160911066890736, -0.9152902617829338]], "position": [0.7708039755622547, 3.407293309768041, 7.396246989568075], "focal_length": [512.0], "principal_point": [128.0, 128.0], "image_size": [256, 256], "skew": [0.0], "pixel_aspect_ratio": [1.0]}, "identity": 101}, "flickr_dog_001129.jpg": {"camera": {"orientation": [[0.989399557660486, -0.12509407770219522, -0.07373672862146166], [-0.0388556373347478, -0.7173549305224534, 0.6956232699228005], [-0.13991380514898627, -0.6853852682503586, -0.7146123059231184]], "position": [1.182461529970169, 5.541719992955526, 5.624557038148245], "focal_length": [512.0], "principal_point": [128.0, 128.0], "image_size": [256, 256], "skew": [0.0], "pixel_aspect_ratio": [1.0]}, "identity": 1010}, "flickr_dog_001130.jpg": {"camera": {"orientation": [[0.9991347339692374, 0.019848661487204558, 0.03651351980218619], [0.018386022102941206, -0.9990318585988436, 0.039966216331247195], [0.037271445939330516, -0.03926034760126629, -0.9985336561847588]], "position": [-0.25845098619659745, 0.35310930882891023, 5.664533376693726], "focal_length": [512.0], "principal_point": [128.0, 128.0], "image_size": [256, 256], "skew": [0.0], "pixel_aspect_ratio": [1.0]}, "identity": 1011}, "flickr_dog_001131.jpg": {"camera": {"orientation": [[0.9802818910358159, -0.19759224452026197, 0.001466655145540759], [-0.19732451837960702, -0.9785108745448248, 0.05982871365575534], [-0.010386559494224493, -0.058938488586756634, -0.9982075794245683]], "position": [0.06633799833556017, 0.5909091482559841, 6.02901428937912], "focal_length": [512.0], "principal_point": [128.0, 128.0], "image_size": [256, 256], "skew": [0.0], "pixel_aspect_ratio": [1.0]}, "identity": 1012}, "flickr_dog_001132.jpg": {"camera": {"orientation": [[0.8570520870998227, 0.45197551934299823, -0.24734065674306183], [0.4791692957805956, -0.8756526868302724, 0.06024113225286469], [-0.18935695536364694, -0.17014798837660733, -0.967054063665223]], "position": [1.2272258599599204, 1.2125591437021892, 5.673086146513621], "focal_length": [512.0], "principal_point": [128.0, 128.0], "image_size": [256, 256], "skew": [0.0], "pixel_aspect_ratio": [1.0]}, "identity": 1013}, "flickr_dog_001133.jpg": {"camera": {"orientation": [[0.9987464647865355, -0.04299381264784903, 0.025577001893037167], [-0.050019729103101804, -0.8666415425392912, 0.4964174386700336], [0.000823196384273207, -0.4970752244774083, -0.8677069522867468]], "position": [0.19212703530987105, 4.118472586075465, 6.685557464758555], "focal_length": [512.0], "principal_point": [128.0, 128.0], "image_size": [256, 256], "skew": [0.0], "pixel_aspect_ratio": [1.0]}, "identity": 1014}, "flickr_dog_001134.jpg": {"camera": {"orientation": [[0.9955515900530731, 0.01963798054367051, -0.09213486513479961], [0.020447494065891275, -0.9997601070382572, 0.007850353812792577], [-0.09195859742115815, -0.00969937053251933, -0.9957155884595438]], "position": [0.6150302787621816, 0.0395373092032969, 6.311911344528198], "focal_length": [512.0], "principal_point": [128.0, 128.0], "image_size": [256, 256], "skew": [0.0], "pixel_aspect_ratio": [1.0]}, "identity": 1015}, "flickr_dog_001135.jpg": {"camera": {"orientation": [[0.9980382481194764, 0.06023950871729886, -0.01697159418270558], [0.061611963470192675, -0.8980893125633664, 0.4354760713130201], [0.010990876987375262, -0.4356680437194968, -0.9000402297283222]], "position": [-0.060574353362123176, 3.189898282289505, 6.265265246232351], "focal_length": [512.0], "principal_point": [128.0, 128.0], "image_size": [256, 256], "skew": [0.0], "pixel_aspect_ratio": [1.0]}, "identity": 1016}, "flickr_dog_001136.jpg": {"camera": {"orientation": [[0.9994147704663257, -0.008419558381494637, -0.03311135587642718], [0.01096914596139976, -0.83877334682897, 0.5443700206690022], [-0.03235627741555435, -0.5444154228187817, -0.838191318728373]], "position": [0.46780665094653767, 4.044417043526968, 6.201133131980896], "focal_length": [512.0], "principal_point": [128.0, 128.0], "image_size": [256, 256], "skew": [0.0], "pixel_aspect_ratio": [1.0]}, "identity": 1017}, "flickr_dog_001137.jpg": {"camera": {"orientation": [[0.9931132265694974, 0.10435071154904965, 0.05323865901911805], [0.09048908235408104, -0.9719486937973746, 0.21708851810517724], [0.07439860072382558, -0.21077625036420153, -0.9746990234437583]], "position": [-0.4787924389044444, 1.3885238518317542, 6.238336364428203], "focal_length": [512.0], "principal_point": [128.0, 128.0], "image_size": [256, 256], "skew": [0.0], "pixel_aspect_ratio": [1.0]}, "identity": 1018}, "flickr_dog_001138.jpg": {"camera": {"orientation": [[0.9986838892044433, -0.025084844569243737, -0.04470381523309417], [-0.004780435609126407, -0.9138594348905893, 0.40600241333789605], [-0.05103751521033068, -0.4052549355328639, -0.9127778955949726]], "position": [0.44074195126692456, 3.1563470760981245, 7.283501327037811], "focal_length": [512.0], "principal_point": [128.0, 128.0], "image_size": [256, 256], "skew": [0.0], "pixel_aspect_ratio": [1.0]}, "identity": 1019}, "flickr_dog_000113.jpg": {"camera": {"orientation": [[0.9918720371321365, -0.07784468704784064, -0.10063459089002989], [-0.043568665344379594, -0.9509722104908133, 0.3061920291094202], [-0.11953613506086515, -0.29931921419858487, -0.946635646309694]], "position": [1.081496352950732, 3.042722245057424, 8.429702123006185], "focal_length": [512.0], "principal_point": [128.0, 128.0], "image_size": [256, 256], "skew": [0.0], "pixel_aspect_ratio": [1.0]}, "identity": 102}, "flickr_dog_001139.jpg": {"camera": {"orientation": [[0.9912528389892031, 0.10783536466758303, -0.07606981197138356], [0.12451784036374552, -0.9551980964239024, 0.26849924145684034], [-0.04370800381510288, -0.2756230566530298, -0.9602715692112724]], "position": [0.36371154710650444, 1.9804056733846664, 6.741708517074585], "focal_length": [512.0], "principal_point": [128.0, 128.0], "image_size": [256, 256], "skew": [0.0], "pixel_aspect_ratio": [1.0]}, "identity": 1020}, "flickr_dog_001140.jpg": {"camera": {"orientation": [[0.9874504164781002, -0.03504733800168247, 0.1539829328947663], [-0.05201652192763273, -0.9928332257084033, 0.10759394938640833], [0.1491084872514988, -0.11425349271251499, -0.9821979306662887]], "position": [-0.7438215737541517, 0.6428448483347893, 4.878432552019755], "focal_length": [512.0], "principal_point": [128.0, 128.0], "image_size": [256, 256], "skew": [0.0], "pixel_aspect_ratio": [1.0]}, "identity": 1021}, "flickr_dog_001141.jpg": {"camera": {"orientation": [[0.9919193560144249, -0.0738952798894506, -0.10311501039169073], [-0.03254651544390937, -0.9338618497006645, 0.35614979702379057], [-0.12261297684371787, -0.34991633456826166, -0.9287219807183542]], "position": [0.9900855521361034, 2.3897434274355573, 6.243569155534109], "focal_length": [512.0], "principal_point": [128.0, 128.0], "image_size": [256, 256], "skew": [0.0], "pixel_aspect_ratio": [1.0]}, "identity": 1022}, "flickr_dog_001142.jpg": {"camera": {"orientation": [[0.9657619865842579, 0.0977659953249736, 0.24029726693419418], [-0.051561683733884645, -0.8354540120804935, 0.5471359524906265], [0.2542486167286913, -0.5407940161423899, -0.8018099455536511]], "position": [-2.6804710427920027, 6.065124770005545, 8.426297704378765], "focal_length": [512.0], "principal_point": [128.0, 128.0], "image_size": [256, 256], "skew": [0.0], "pixel_aspect_ratio": [1.0]}, "identity": 1023}, "flickr_dog_001143.jpg": {"camera": {"orientation": [[0.9974273660418276, 0.025858616099694642, 0.06683717041446066], [0.001527465350595154, -0.9400921202145486, 0.34091698279494775], [0.07164874196526952, -0.339938309523679, -0.9377144112087792]], "position": [-0.42294633264342946, 2.6553218563397727, 6.353464225927989], "focal_length": [512.0], "principal_point": [128.0, 128.0], "image_size": [256, 256], "skew": [0.0], "pixel_aspect_ratio": [1.0]}, "identity": 1024}, "flickr_dog_001144.jpg": {"camera": {"orientation": [[0.9842255024255132, 0.09548848571849984, 0.14892734720764642], [0.039160667248039585, -0.9385333575187619, 0.3429599009073353], [0.1725220211793478, -0.33171825482609296, -0.927469164408118]], "position": [-1.3647479315598807, 2.596210688352585, 7.2220757603645325], "focal_length": [512.0], "principal_point": [128.0, 128.0], "image_size": [256, 256], "skew": [0.0], "pixel_aspect_ratio": [1.0]}, "identity": 1025}, "flickr_dog_001145.jpg": {"camera": {"orientation": [[0.9903899937173479, 0.13762771674565583, -0.01355313257535993], [0.1382149173069141, -0.9883661597109415, 0.06347405663358899], [-0.004659662334402152, -0.06473739889012145, -0.997891454013872]], "position": [0.1025017040471236, 0.3431323605279128, 5.136204759279887], "focal_length": [512.0], "principal_point": [128.0, 128.0], "image_size": [256, 256], "skew": [0.0], "pixel_aspect_ratio": [1.0]}, "identity": 1026}, "flickr_dog_001146.jpg": {"camera": {"orientation": [[0.992738531545124, -0.04799101118749673, -0.11029165768556698], [0.007027190697522962, -0.8922467016616312, 0.4514933990889379], [-0.12007499948252912, -0.44899057192237773, -0.8854317018450857]], "position": [1.0879420985778174, 3.611450642347336, 6.828893721103668], "focal_length": [512.0], "principal_point": [128.0, 128.0], "image_size": [256, 256], "skew": [0.0], "pixel_aspect_ratio": [1.0]}, "identity": 1027}, "flickr_dog_001147.jpg": {"camera": {"orientation": [[0.9962897290572579, 0.0590160087130231, -0.06261950404298848], [0.04575950698408839, -0.9796830754692122, -0.19526164969521076], [-0.07287083841687726, 0.19167199857231731, -0.978750048428661]], "position": [0.5444139863053958, -0.8371201033393543, 5.400748550891876], "focal_length": [512.0], "principal_point": [128.0, 128.0], "image_size": [256, 256], "skew": [0.0], "pixel_aspect_ratio": [1.0]}, "identity": 1028}, "flickr_dog_001148.jpg": {"camera": {"orientation": [[0.9993683482865146, -0.0036105337087726764, 0.035315214105261505], [-0.011218866578913946, -0.975951473294264, 0.21769893495800705], [0.03367992478683961, -0.21795791634052633, -0.9753768379801041]], "position": [-0.1841872309645017, 1.5238955616950989, 6.804201503594717], "focal_length": [512.0], "principal_point": [128.0, 128.0], "image_size": [256, 256], "skew": [0.0], "pixel_aspect_ratio": [1.0]}, "identity": 1029}, "flickr_dog_000114.jpg": {"camera": {"orientation": [[0.9933174855996487, -0.08472162943695823, -0.07835787611403582], [-0.07052671305980836, -0.9831062505373438, 0.16890251727598607], [-0.09134382293584668, -0.1622477214099848, -0.9825130836581729]], "position": [0.6750337779521942, 1.5846587717533112, 7.3692162831624355], "focal_length": [512.0], "principal_point": [128.0, 128.0], "image_size": [256, 256], "skew": [0.0], "pixel_aspect_ratio": [1.0]}, "identity": 103}, "flickr_dog_001149.jpg": {"camera": {"orientation": [[0.9969891018883276, -0.03141344378143643, 0.07087556814473399], [-0.03473534128095615, -0.9983311573637752, 0.046134088770229176], [0.06930805635814498, -0.0484571318832885, -0.996417731207759]], "position": [-0.39674006402492523, 0.7318252697587013, 6.857834756374359], "focal_length": [512.0], "principal_point": [128.0, 128.0], "image_size": [256, 256], "skew": [0.0], "pixel_aspect_ratio": [1.0]}, "identity": 1030}, "flickr_dog_001150.jpg": {"camera": {"orientation": [[0.9260952031926699, 0.2649050430444738, 0.26864528190194925], [0.1316278265564272, -0.8941633620673421, 0.4279554282389373], [0.3535803792556983, -0.36096682874295605, -0.8629505614224353]], "position": [-2.634634574254354, 2.775579442580541, 6.206067403157553], "focal_length": [512.0], "principal_point": [128.0, 128.0], "image_size": [256, 256], "skew": [0.0], "pixel_aspect_ratio": [1.0]}, "identity": 1031}, "flickr_dog_001151.jpg": {"camera": {"orientation": [[0.9919589711919585, -0.12245244820584976, -0.03194123089801636], [-0.12165904544704088, -0.9922389605155341, 0.025708207649659403], [-0.034841368569583364, -0.02161557790198655, -0.9991590687920837]], "position": [0.24265387716392678, 0.3016245861848196, 6.0813526312510175], "focal_length": [512.0], "principal_point": [128.0, 128.0], "image_size": [256, 256], "skew": [0.0], "pixel_aspect_ratio": [1.0]}, "identity": 1032}, "flickr_dog_001152.jpg": {"camera": {"orientation": [[0.9834924123112835, 0.18012100512338472, -0.01722047632871174], [0.17938930591687327, -0.9830690140761399, -0.03734660209899071], [-0.023655828336977647, 0.033640976190049895, -0.9991539848379103]], "position": [0.18139961175620556, -0.0387806057309111, 5.142690738042196], "focal_length": [512.0], "principal_point": [128.0, 128.0], "image_size": [256, 256], "skew": [0.0], "pixel_aspect_ratio": [1.0]}, "identity": 1033}, "flickr_dog_001153.jpg": {"camera": {"orientation": [[0.9985247946480944, 0.007528417866443332, -0.05374889959417513], [0.002750016826332043, -0.9960787352947034, -0.08842841949211173], [-0.054203862321899096, 0.08815027447969866, -0.9946313203386846]], "position": [0.45376926039656007, -0.25030323304235935, 5.060607691605886], "focal_length": [512.0], "principal_point": [128.0, 128.0], "image_size": [256, 256], "skew": [0.0], "pixel_aspect_ratio": [1.0]}, "identity": 1034}, "flickr_dog_001154.jpg": {"camera": {"orientation": [[0.9997858204409654, 0.006461762639190137, 0.019594055534921603], [0.008605957023719062, -0.9937381169720917, -0.11140235248591467], [0.018751503737479986, 0.11154726468759708, -0.993582196097547]], "position": [-0.058095246398200594, -0.4644307618339857, 6.2393248081207275], "focal_length": [512.0], "principal_point": [128.0, 128.0], "image_size": [256, 256], "skew": [0.0], "pixel_aspect_ratio": [1.0]}, "identity": 1035}, "flickr_dog_001155.jpg": {"camera": {"orientation": [[0.9981196013142339, -0.04496634243770069, -0.041624093989642744], [-0.03298392370211663, -0.9667798426137622, 0.25347337414247983], [-0.051639112404224405, -0.25162416153806866, -0.9664463966780491]], "position": [0.42502569655577344, 1.968804622689883, 6.976306935151419], "focal_length": [512.0], "principal_point": [128.0, 128.0], "image_size": [256, 256], "skew": [0.0], "pixel_aspect_ratio": [1.0]}, "identity": 1036}, "flickr_dog_001156.jpg": {"camera": {"orientation": [[0.969151785520194, 0.14991914372147014, 0.1956175178247722], [-0.03781058133374448, -0.6938739736809028, 0.7191027916442477], [0.24354121391113287, -0.704317197970607, -0.6668016788367493]], "position": [-1.7524025092522304, 5.223228534062704, 4.701075951258342], "focal_length": [512.0], "principal_point": [128.0, 128.0], "image_size": [256, 256], "skew": [0.0], "pixel_aspect_ratio": [1.0]}, "identity": 1037}, "flickr_dog_001157.jpg": {"camera": {"orientation": [[0.98395285753182, 0.17841102530400077, -0.0019323871001587544], [0.17840275242377707, -0.9836361461494916, 0.02514694644319314], [0.0025857295972645106, -0.025088185222760025, -0.9996818976836808]], "position": [-0.0029455542971845716, 0.2565568933884303, 7.1527232726415], "focal_length": [512.0], "principal_point": [128.0, 128.0], "image_size": [256, 256], "skew": [0.0], "pixel_aspect_ratio": [1.0]}, "identity": 1038}, "flickr_dog_001158.jpg": {"camera": {"orientation": [[0.9927931505059217, 0.05136450753770074, -0.1082616392130426], [0.10429311469713987, -0.8152838853592977, 0.5695918423956322], [-0.05900712996286761, -0.5767786473702811, -0.8147663985650543]], "position": [0.5577977125843366, 5.4815610249837246, 7.252586384614309], "focal_length": [512.0], "principal_point": [128.0, 128.0], "image_size": [256, 256], "skew": [0.0], "pixel_aspect_ratio": [1.0]}, "identity": 1039}, "flickr_dog_000115.jpg": {"camera": {"orientation": [[0.9969639549061784, 0.07398994717298903, 0.024197721389184645], [0.054578503832016775, -0.8859993708063479, 0.4604629629611748], [0.05550881842148002, -0.4577449519731091, -0.887348956353891]], "position": [-0.4597141096989314, 3.7694744765758514, 6.612220406532288], "focal_length": [512.0], "principal_point": [128.0, 128.0], "image_size": [256, 256], "skew": [0.0], "pixel_aspect_ratio": [1.0]}, "identity": 104}, "flickr_dog_001159.jpg": {"camera": {"orientation": [[0.9934677752969842, 0.1077207607171184, 0.03762099457681546], [0.11290985887083045, -0.9756442168581003, -0.1880683204656834], [0.01644582902114118, 0.19108785179476784, -0.9814351444008809]], "position": [-0.001645425072638318, -1.0096595933039985, 6.978334486484528], "focal_length": [512.0], "principal_point": [128.0, 128.0], "image_size": [256, 256], "skew": [0.0], "pixel_aspect_ratio": [1.0]}, "identity": 1040}, "flickr_dog_001160.jpg": {"camera": {"orientation": [[0.9993856955679217, -0.003313022782585777, 0.034849578195833876], [-0.014097630572759513, -0.9493074778388144, 0.31403264049572593], [0.03204256594936599, -0.31433145939362467, -0.9487723313992098]], "position": [-0.218836668257912, 2.2685704131921134, 6.061180929342906], "focal_length": [512.0], "principal_point": [128.0, 128.0], "image_size": [256, 256], "skew": [0.0], "pixel_aspect_ratio": [1.0]}, "identity": 1041}, "flickr_dog_001161.jpg": {"camera": {"orientation": [[0.9440776044837891, 0.22069163362532102, -0.24496924395125844], [0.30728322297918714, -0.8582846360584918, 0.41100401942663445], [-0.11954810123873669, -0.46329524706941816, -0.8781034068728902]], "position": [0.8766308426856995, 3.391498327255249, 6.206669410069784], "focal_length": [512.0], "principal_point": [128.0, 128.0], "image_size": [256, 256], "skew": [0.0], "pixel_aspect_ratio": [1.0]}, "identity": 1042}, "flickr_dog_001162.jpg": {"camera": {"orientation": [[0.871524915436042, -0.4879090294315899, 0.04885250641991564], [-0.4861419312021871, -0.8467284492948415, 0.2161405755653418], [-0.06409220788357937, -0.2121214385153777, -0.975139298027766]], "position": [0.3321276977658272, 1.4221366494894028, 5.730504294236502], "focal_length": [512.0], "principal_point": [128.0, 128.0], "image_size": [256, 256], "skew": [0.0], "pixel_aspect_ratio": [1.0]}, "identity": 1043}, "flickr_dog_001163.jpg": {"camera": {"orientation": [[0.9652219908245512, 0.026728418086013176, 0.2600566579154044], [-0.02145811187256758, -0.9833029192071818, 0.18070665767413238], [0.26054447431172806, -0.18000260653532488, -0.948533378192311]], "position": [-1.671366517742475, 1.26793272793293, 5.877676109472911], "focal_length": [512.0], "principal_point": [128.0, 128.0], "image_size": [256, 256], "skew": [0.0], "pixel_aspect_ratio": [1.0]}, "identity": 1044}, "flickr_dog_001164.jpg": {"camera": {"orientation": [[0.8454455755087754, -0.3379511834457378, -0.41353127587510785], [-0.004858913637390244, -0.7791530007582996, 0.6268147046790338], [-0.5340369926114985, -0.5279292382992491, -0.6603746817365153]], "position": [4.475263754526774, 4.311619699001312, 5.243360996246338], "focal_length": [512.0], "principal_point": [128.0, 128.0], "image_size": [256, 256], "skew": [0.0], "pixel_aspect_ratio": [1.0]}, "identity": 1045}, "flickr_dog_001165.jpg": {"camera": {"orientation": [[0.9975664038195249, 0.015344120074954046, 0.06799229616800213], [-0.02756940479420815, -0.8090618714584049, 0.587076265237422], [0.0640181402288837, -0.5875229112681071, -0.8066710780414789]], "position": [-0.4328176689644655, 4.160543034474055, 5.490943789482117], "focal_length": [512.0], "principal_point": [128.0, 128.0], "image_size": [256, 256], "skew": [0.0], "pixel_aspect_ratio": [1.0]}, "identity": 1046}, "flickr_dog_001166.jpg": {"camera": {"orientation": [[0.9539553668401193, 0.2346142369988073, 0.186875592523591], [0.01115935898893651, -0.6503655669906886, 0.7595390651223005], [0.29973621067620737, -0.722482029214132, -0.6230388233083821]], "position": [-2.3790687322616577, 6.1836714545885725, 5.104747911294302], "focal_length": [512.0], "principal_point": [128.0, 128.0], "image_size": [256, 256], "skew": [0.0], "pixel_aspect_ratio": [1.0]}, "identity": 1047}, "flickr_dog_001167.jpg": {"camera": {"orientation": [[0.9995997198625808, 0.023233704521886923, -0.01605483626745329], [0.028040208036513033, -0.8842061917261529, 0.4662542149354873], [-0.003362963968607484, -0.4665184253446247, -0.8845049945647552]], "position": [0.07017547419915597, 3.0522425969441733, 5.8126941323280334], "focal_length": [512.0], "principal_point": [128.0, 128.0], "image_size": [256, 256], "skew": [0.0], "pixel_aspect_ratio": [1.0]}, "identity": 1048}, "flickr_dog_001168.jpg": {"camera": {"orientation": [[0.994549975053084, 0.10163692310881572, -0.023183905942593844], [0.10285170598031679, -0.9203899009897296, 0.3772318191695137], [0.017002476605507414, -0.3775609284313923, -0.9258285788300562]], "position": [-0.20563009505470595, 4.074864586194357, 9.09955402215322], "focal_length": [512.0], "principal_point": [128.0, 128.0], "image_size": [256, 256], "skew": [0.0], "pixel_aspect_ratio": [1.0]}, "identity": 1049}, "flickr_dog_000117.jpg": {"camera": {"orientation": [[0.9956366527301175, 0.04413376041942564, 0.08220175555771086], [0.019173101032581658, -0.95902571151375, 0.28266945471597893], [0.09130886935190538, -0.27986039309604915, -0.9556886469723986]], "position": [-0.6763850028316181, 2.4620642264684043, 7.125826676686605], "focal_length": [512.0], "principal_point": [128.0, 128.0], "image_size": [256, 256], "skew": [0.0], "pixel_aspect_ratio": [1.0]}, "identity": 105}, "flickr_dog_001169.jpg": {"camera": {"orientation": [[0.9993144855755657, 0.036955789293040386, 0.0013973037537014909], [0.0292905749437226, -0.813977972612513, 0.5801565777619893], [0.02257753395563556, -0.5797187784941638, -0.8145036070989976]], "position": [-0.15407279133796692, 4.6509429812431335, 6.3662901520729065], "focal_length": [512.0], "principal_point": [128.0, 128.0], "image_size": [256, 256], "skew": [0.0], "pixel_aspect_ratio": [1.0]}, "identity": 1050}, "flickr_dog_001170.jpg": {"camera": {"orientation": [[0.9918014031409247, 0.11774481236248203, -0.049634098362955986], [0.12101679617040935, -0.9902438733698228, 0.06907961784323009], [-0.04101608956530703, -0.07451991491165978, -0.9963756610644122]], "position": [0.3230398831268152, 0.612051288286845, 5.746379494667053], "focal_length": [512.0], "principal_point": [128.0, 128.0], "image_size": [256, 256], "skew": [0.0], "pixel_aspect_ratio": [1.0]}, "identity": 1051}, "flickr_dog_001171.jpg": {"camera": {"orientation": [[0.9973878790985642, 0.061853656117968704, 0.037266080899870234], [0.04441880139570275, -0.9323836000250542, 0.35873067651564544], [0.05693510027535489, -0.35613881200403247, -0.9326968677785767]], "position": [-0.34356747443477315, 2.6231738428274793, 6.16895854473114], "focal_length": [512.0], "principal_point": [128.0, 128.0], "image_size": [256, 256], "skew": [0.0], "pixel_aspect_ratio": [1.0]}, "identity": 1052}, "flickr_dog_001172.jpg": {"camera": {"orientation": [[0.9914534411632001, 0.09020971495037428, 0.09423094490831206], [0.04068850807622343, -0.9001647436901057, 0.43364471476025285], [0.12394236144382688, -0.4261050347714072, -0.8961432049726203]], "position": [-0.8517562101284664, 3.0562502642472587, 6.40425185362498], "focal_length": [512.0], "principal_point": [128.0, 128.0], "image_size": [256, 256], "skew": [0.0], "pixel_aspect_ratio": [1.0]}, "identity": 1053}, "flickr_dog_001174.jpg": {"camera": {"orientation": [[0.9951551255527449, 0.07659571743930539, -0.061616781159473215], [0.09130834928912047, -0.9524419882175941, 0.29071804039617155], [-0.036418635347748786, -0.2949360773653371, -0.9548226699885586]], "position": [0.3186264696220557, 2.02788549164931, 6.5709273020426435], "focal_length": [512.0], "principal_point": [128.0, 128.0], "image_size": [256, 256], "skew": [0.0], "pixel_aspect_ratio": [1.0]}, "identity": 1054}, "flickr_dog_001175.jpg": {"camera": {"orientation": [[0.9763797993846242, 0.20055680890258545, -0.08035395888968952], [0.2144102835671243, -0.9452465617978004, 0.24604286831113537], [-0.026608694201321465, -0.2574603448085106, -0.965922409810861]], "position": [0.2641223060588042, 1.8064202119906745, 6.813446680704753], "focal_length": [512.0], "principal_point": [128.0, 128.0], "image_size": [256, 256], "skew": [0.0], "pixel_aspect_ratio": [1.0]}, "identity": 1055}, "flickr_dog_001176.jpg": {"camera": {"orientation": [[0.9771187301490969, 0.10004889770335168, 0.18768717243845867], [0.03599227391939849, -0.947507755600884, 0.3177003884137], [0.20962064031891142, -0.30367614105893986, -0.9294298741920991]], "position": [-1.5059250096480052, 2.295399953921636, 6.600917875766754], "focal_length": [512.0], "principal_point": [128.0, 128.0], "image_size": [256, 256], "skew": [0.0], "pixel_aspect_ratio": [1.0]}, "identity": 1056}, "flickr_dog_001178.jpg": {"camera": {"orientation": [[0.9957540070949726, -0.08098239927272007, 0.043739911053809685], [-0.07544918873910729, -0.9903782432960685, -0.11601009633604335], [0.052713838122185705, 0.11221752778118597, -0.9922844690748865]], "position": [-0.3353451378643513, -0.7160572335124016, 6.306992967923483], "focal_length": [512.0], "principal_point": [128.0, 128.0], "image_size": [256, 256], "skew": [0.0], "pixel_aspect_ratio": [1.0]}, "identity": 1057}, "flickr_dog_001179.jpg": {"camera": {"orientation": [[0.9145061701366936, 0.1303479321775386, 0.3829951803326851], [0.05266549659097654, -0.9769756103131703, 0.206748570432776], [0.4011262108736501, -0.16890246441130013, -0.9003163813269799]], "position": [-2.7413939436276755, 1.1027881254752478, 5.8245594302813215], "focal_length": [512.0], "principal_point": [128.0, 128.0], "image_size": [256, 256], "skew": [0.0], "pixel_aspect_ratio": [1.0]}, "identity": 1058}, "flickr_dog_001180.jpg": {"camera": {"orientation": [[0.9959451625699102, -0.008448111560858083, -0.08954965633675384], [0.014514530107301242, -0.9674372419691881, 0.25269441399673814], [-0.08876846261336098, -0.25296989516629437, -0.9633931400361594]], "position": [0.7749904567996662, 2.0909736553827925, 6.599761048952739], "focal_length": [512.0], "principal_point": [128.0, 128.0], "image_size": [256, 256], "skew": [0.0], "pixel_aspect_ratio": [1.0]}, "identity": 1059}, "flickr_dog_000118.jpg": {"camera": {"orientation": [[0.9849613820857556, 0.018025834456967475, -0.17182397696973228], [0.05032607117187617, -0.9813477249586807, 0.18553680019523403], [-0.16527460884832956, -0.1913940619727084, -0.9674980997696324]], "position": [1.3543787101904552, 1.7909271021684012, 7.581722736358643], "focal_length": [512.0], "principal_point": [128.0, 128.0], "image_size": [256, 256], "skew": [0.0], "pixel_aspect_ratio": [1.0]}, "identity": 106}, "flickr_dog_001181.jpg": {"camera": {"orientation": [[0.9978838891279433, 0.04202723946970737, 0.049586113814685466], [0.03283021985760937, -0.9842776616903587, 0.17355010899443318], [0.05610034050509944, -0.17155516550204625, -0.9835759020109502]], "position": [-0.36456979190309846, 1.407459502418836, 6.57779077688853], "focal_length": [512.0], "principal_point": [128.0, 128.0], "image_size": [256, 256], "skew": [0.0], "pixel_aspect_ratio": [1.0]}, "identity": 1060}, "flickr_dog_001182.jpg": {"camera": {"orientation": [[0.9976775008080034, 0.05765938168872393, -0.036223610155033156], [0.06806396523868846, -0.860154258171061, 0.5054718085745883], [-0.0020126761727568727, -0.5067640953451148, -0.8620823069939252]], "position": [0.051737138225386545, 3.8099837799866996, 6.064507365226746], "focal_length": [512.0], "principal_point": [128.0, 128.0], "image_size": [256, 256], "skew": [0.0], "pixel_aspect_ratio": [1.0]}, "identity": 1061}, "flickr_dog_001183.jpg": {"camera": {"orientation": [[0.9660556690590937, 0.10540447169563233, 0.23584660393824414], [0.02284370274680777, -0.9442508364016894, 0.32843332054201635], [0.25731670852755334, -0.3118977046148368, -0.9146080117653543]], "position": [-1.8282795945803325, 2.22515140970548, 6.233642498652141], "focal_length": [512.0], "principal_point": [128.0, 128.0], "image_size": [256, 256], "skew": [0.0], "pixel_aspect_ratio": [1.0]}, "identity": 1062}, "pixabay_dog_000002.jpg": {"camera": {"orientation": [[0.9992547832908287, -0.03162520375676901, -0.022064310519954975], [-0.00980915166413351, -0.7618291503575365, 0.6477034675170119], [-0.037293000080553716, -0.647005291923701, -0.7615727408602463]], "position": [0.3001466083029906, 5.06095290184021, 5.47169844309489], "focal_length": [512.0], "principal_point": [128.0, 128.0], "image_size": [256, 256], "skew": [0.0], "pixel_aspect_ratio": [1.0]}, "identity": 1063}, "pixabay_dog_000003.jpg": {"camera": {"orientation": [[0.9773374457912898, -0.07838113922497436, -0.19663448716559548], [0.01564103249184262, -0.8996410861326033, 0.43634978229778754], [-0.21110206685788432, -0.4295371595363231, -0.8780282305764993]], "position": [2.020497371753057, 3.6239008108774824, 6.91332221031189], "focal_length": [512.0], "principal_point": [128.0, 128.0], "image_size": [256, 256], "skew": [0.0], "pixel_aspect_ratio": [1.0]}, "identity": 1064}, "pixabay_dog_000004.jpg": {"camera": {"orientation": [[0.9910994584371239, 0.035234756972219186, 0.12836517998615085], [-0.008278987166015902, -0.9461481043903629, 0.32362810198071745], [0.13285543234385713, -0.3218108169736458, -0.9374364754899448]], "position": [-1.0402176529169083, 2.874851723512014, 7.113581399122874], "focal_length": [512.0], "principal_point": [128.0, 128.0], "image_size": [256, 256], "skew": [0.0], "pixel_aspect_ratio": [1.0]}, "identity": 1065}, "pixabay_dog_000005.jpg": {"camera": {"orientation": [[0.9615599802757123, 0.21301432438684265, -0.17327595372247218], [0.26343147762199526, -0.8936849527017429, 0.3632229523201058], [-0.07748235367041688, -0.3949075260111645, -0.915447656839382]], "position": [0.6721487889687221, 3.3561522761980696, 7.217014332612356], "focal_length": [512.0], "principal_point": [128.0, 128.0], "image_size": [256, 256], "skew": [0.0], "pixel_aspect_ratio": [1.0]}, "identity": 1066}, "pixabay_dog_000006.jpg": {"camera": {"orientation": [[0.9980455251774177, -0.013886033258548643, -0.06090588875562312], [0.008385821166505679, -0.9363748296627972, 0.35090136482623296], [-0.06190336992549956, -0.350726771025384, -0.9344295659013252]], "position": [0.50862239052852, 2.9120889802773795, 7.066087424755096], "focal_length": [512.0], "principal_point": [128.0, 128.0], "image_size": [256, 256], "skew": [0.0], "pixel_aspect_ratio": [1.0]}, "identity": 1067}, "pixabay_dog_000007.jpg": {"camera": {"orientation": [[0.9961335141740166, -0.06765579125554279, -0.0560169617083101], [-0.03710181658087867, -0.9021510842442733, 0.4298217518605883], [-0.07961571010700524, -0.4260821248018893, -0.9011743572804692]], "position": [0.6751745939254761, 3.986070553461711, 7.867426176865896], "focal_length": [512.0], "principal_point": [128.0, 128.0], "image_size": [256, 256], "skew": [0.0], "pixel_aspect_ratio": [1.0]}, "identity": 1068}, "pixabay_dog_000008.jpg": {"camera": {"orientation": [[0.9994726131509046, -0.031760377173269086, -0.006570300282491331], [-0.03116971419140002, -0.9966172560044716, 0.07604268238227524], [-0.008963220471284533, -0.07579788300788384, -0.9970829142100323]], "position": [0.017079392758508526, 1.1077535649140677, 9.145697951316833], "focal_length": [512.0], "principal_point": [128.0, 128.0], "image_size": [256, 256], "skew": [0.0], "pixel_aspect_ratio": [1.0]}, "identity": 1069}, "flickr_dog_000119.jpg": {"camera": {"orientation": [[0.977192588198914, 0.10712184364969592, 0.18334856489497997], [-0.03989107249420139, -0.7554557105403227, 0.6539839585367174], [0.20856770596432456, -0.6463831884425698, -0.7339536095024735]], "position": [-2.240982403357824, 7.056211431821188, 7.671039799849193], "focal_length": [512.0], "principal_point": [128.0, 128.0], "image_size": [256, 256], "skew": [0.0], "pixel_aspect_ratio": [1.0]}, "identity": 107}, "pixabay_dog_000010.jpg": {"camera": {"orientation": [[0.9916365416809877, -0.10415079450941682, -0.07620378191693528], [-0.10128991058579616, -0.9940321977444728, 0.0405010638809001], [-0.07996723322028854, -0.032443707633693246, -0.9962693624927749]], "position": [0.6967962409059207, 0.6895748898386955, 9.330865740776062], "focal_length": [512.0], "principal_point": [128.0, 128.0], "image_size": [256, 256], "skew": [0.0], "pixel_aspect_ratio": [1.0]}, "identity": 1070}, "pixabay_dog_000011.jpg": {"camera": {"orientation": [[0.9878351883955766, -0.14045233899120002, 0.06672405264012314], [-0.15126150384253378, -0.967427355114679, 0.2029882412518864], [0.03604047979863799, -0.21061198708321408, -0.976905135391804]], "position": [-0.32555166011055314, 1.3686576237281165, 7.2834496696790065], "focal_length": [512.0], "principal_point": [128.0, 128.0], "image_size": [256, 256], "skew": [0.0], "pixel_aspect_ratio": [1.0]}, "identity": 1071}, "pixabay_dog_000012.jpg": {"camera": {"orientation": [[0.997662617794062, -0.06264978463952728, -0.027230689769423735], [-0.04757062778563316, -0.9232470088763695, 0.3812504276485533], [-0.04902592531282293, -0.3790644505816193, -0.9240706113247655]], "position": [0.4256959383686384, 4.14590984582901, 9.266623854637146], "focal_length": [512.0], "principal_point": [128.0, 128.0], "image_size": [256, 256], "skew": [0.0], "pixel_aspect_ratio": [1.0]}, "identity": 1072}, "pixabay_dog_000013.jpg": {"camera": {"orientation": [[0.9970972370813275, -0.07457060500719466, -0.015289632187466467], [-0.07473767687803641, -0.9971462187299708, -0.010662761412186741], [-0.014450869816079449, 0.011