{"flickr_cat_000002.jpg": {"camera": {"orientation": [[0.8114761910136404, -0.4138412257008639, -0.4126005459555856], [-0.01716620577279651, -0.7226206177285246, 0.6910313762097714], [-0.5841310572053217, -0.5536736235702503, -0.5934945984988739]], "position": [4.704218109448751, 4.681972165902456, 4.624958833058676], "focal_length": [512.0], "principal_point": [128.0, 128.0], "image_size": [256, 256], "skew": [0.0], "pixel_aspect_ratio": [1.0]}, "identity": 0}, "flickr_cat_000003.jpg": {"camera": {"orientation": [[0.9462878608644463, -0.18381617188359156, -0.26598521848028134], [-0.03518013455900362, -0.8763194443740812, 0.48044397589267757], [-0.3214014306569768, -0.4452815635002367, -0.8357183834102175]], "position": [2.3772574961185455, 3.545403728882472, 5.95288872718811], "focal_length": [512.0], "principal_point": [128.0, 128.0], "image_size": [256, 256], "skew": [0.0], "pixel_aspect_ratio": [1.0]}, "identity": 1}, "flickr_cat_000015.jpg": {"camera": {"orientation": [[0.8624244408327832, 0.29726073732965147, 0.40970409713588923], [-0.04285929515706155, -0.763609088393834, 0.6442545299970351], [0.504365417119713, -0.5731813610414184, -0.6458158728852793]], "position": [-3.6222532391548157, 4.483904937903087, 4.494007925192515], "focal_length": [512.0], "principal_point": [128.0, 128.0], "image_size": [256, 256], "skew": [0.0], "pixel_aspect_ratio": [1.0]}, "identity": 10}, "flickr_cat_000111.jpg": {"camera": {"orientation": [[0.9293992478172293, 0.2974776645738571, 0.21845202457569968], [0.07907198129208891, -0.7386449849375399, 0.6694406844847075], [0.36050224650629004, -0.6049051556636743, -0.7100193402723045]], "position": [-2.6428858439127607, 4.886505504449209, 5.202202498912811], "focal_length": [512.0], "principal_point": [128.0, 128.0], "image_size": [256, 256], "skew": [0.0], "pixel_aspect_ratio": [1.0]}, "identity": 100}, "pixabay_cat_000301.jpg": {"camera": {"orientation": [[0.971365995195451, -0.1417392896966453, -0.19067044995675464], [0.036577330780361475, -0.7037583072030466, 0.7094969447719316], [-0.23474953802596682, -0.6961564404097772, -0.6784234657539795]], "position": [1.6902358581622443, 5.163433154424032, 5.02298523982366], "focal_length": [512.0], "principal_point": [128.0, 128.0], "image_size": [256, 256], "skew": [0.0], "pixel_aspect_ratio": [1.0]}, "identity": 1000}, "pixabay_cat_000303.jpg": {"camera": {"orientation": [[0.993983972420297, 0.05573530516371467, 0.09426881275540483], [0.005254204270252874, -0.8840823056571139, 0.467301514747624], [0.10938659258562008, -0.4639955690588488, -0.8790577419321358]], "position": [-0.8302287509044012, 3.5716943442821503, 6.20198001464208], "focal_length": [512.0], "principal_point": [128.0, 128.0], "image_size": [256, 256], "skew": [0.0], "pixel_aspect_ratio": [1.0]}, "identity": 1001}, "pixabay_cat_000304.jpg": {"camera": {"orientation": [[0.7177889070529494, -0.4409104761469359, -0.5388641299971875], [0.07436742955278419, -0.7209649136034387, 0.6889692844368583], [-0.6922760172037272, -0.5346093354025977, -0.48471231537319703]], "position": [4.148302723964056, 3.511825203895569, 2.810702472925186], "focal_length": [512.0], "principal_point": [128.0, 128.0], "image_size": [256, 256], "skew": [0.0], "pixel_aspect_ratio": [1.0]}, "identity": 1002}, "pixabay_cat_000305.jpg": {"camera": {"orientation": [[0.915163396729226, 0.24900844796462857, 0.31696683578173923], [-0.05535867400176042, -0.7012658343883804, 0.710746940799111], [0.3992600648149123, -0.6679974472142652, -0.6279890700493037]], "position": [-2.292591581741969, 4.079571117957434, 3.4966401755809784], "focal_length": [512.0], "principal_point": [128.0, 128.0], "image_size": [256, 256], "skew": [0.0], "pixel_aspect_ratio": [1.0]}, "identity": 1003}, "pixabay_cat_000306.jpg": {"camera": {"orientation": [[0.9249014945846629, -0.23680663096059734, -0.2974509455453278], [0.007607246829433381, -0.7706647236403925, 0.6371951681689911], [-0.38012705148199355, -0.5916064334296276, -0.7109886323149889]], "position": [2.4801917374134064, 4.199897249539694, 4.6401987473169966], "focal_length": [512.0], "principal_point": [128.0, 128.0], "image_size": [256, 256], "skew": [0.0], "pixel_aspect_ratio": [1.0]}, "identity": 1004}, "pixabay_cat_000307.jpg": {"camera": {"orientation": [[0.7140743758590301, -0.46628479744132323, -0.5221817697167325], [-0.009375287421276912, -0.7522041186009817, 0.6588631955613055], [-0.700005297790783, -0.46558253205483424, -0.5415023799239211]], "position": [4.659523069858551, 3.4071363508701324, 3.4646543363730116], "focal_length": [512.0], "principal_point": [128.0, 128.0], "image_size": [256, 256], "skew": [0.0], "pixel_aspect_ratio": [1.0]}, "identity": 1005}, "pixabay_cat_000308.jpg": {"camera": {"orientation": [[0.998927322647402, -0.04616151837390111, 0.003233008130028709], [-0.04039771086078817, -0.8358587705870704, 0.5474558477662992], [-0.0225690734714786, -0.5469999949887798, -0.8368281833557236]], "position": [0.16712602227926254, 4.222520192464193, 5.881003538767497], "focal_length": [512.0], "principal_point": [128.0, 128.0], "image_size": [256, 256], "skew": [0.0], "pixel_aspect_ratio": [1.0]}, "identity": 1006}, "pixabay_cat_000309.jpg": {"camera": {"orientation": [[0.8051889112591832, -0.3795552014805068, -0.45563806919062483], [0.09460967980665405, -0.6762792629135388, 0.7305442477338048], [-0.5854205407683875, -0.6313348861255493, -0.5086239670862719]], "position": [3.7984848022460938, 4.319946964581808, 3.1692244112491608], "focal_length": [512.0], "principal_point": [128.0, 128.0], "image_size": [256, 256], "skew": [0.0], "pixel_aspect_ratio": [1.0]}, "identity": 1007}, "pixabay_cat_000310.jpg": {"camera": {"orientation": [[0.8151312865020397, 0.23264272076783662, 0.5305052151208902], [-0.04078622761779324, -0.8904880620425244, 0.45317473464885955], [0.5778363976364185, -0.391034807863818, -0.7163773276037607]], "position": [-4.139632731676102, 2.980024615923564, 4.995567599932353], "focal_length": [512.0], "principal_point": [128.0, 128.0], "image_size": [256, 256], "skew": [0.0], "pixel_aspect_ratio": [1.0]}, "identity": 1008}, "pixabay_cat_000311.jpg": {"camera": {"orientation": [[0.9764946296513728, -0.1555030836960316, -0.14924546369456987], [-0.05725840160120347, -0.8547200512608722, 0.5159214107592464], [-0.20779050247414454, -0.49524965178661223, -0.8435346265473793]], "position": [1.380195220311483, 3.8156330585479736, 5.614174902439117], "focal_length": [512.0], "principal_point": [128.0, 128.0], "image_size": [256, 256], "skew": [0.0], "pixel_aspect_ratio": [1.0]}, "identity": 1009}, "flickr_cat_000112.jpg": {"camera": {"orientation": [[0.9994771947493939, 0.03222884714259309, 0.0019561653536024426], [0.028593973516846727, -0.9116393525773836, 0.4099950624617791], [0.014996994683906952, -0.40972535676521127, -0.9120855763215743]], "position": [-0.13728335810204348, 3.202058126529058, 6.430307030677795], "focal_length": [512.0], "principal_point": [128.0, 128.0], "image_size": [256, 256], "skew": [0.0], "pixel_aspect_ratio": [1.0]}, "identity": 101}, "pixabay_cat_000312.jpg": {"camera": {"orientation": [[0.8403851574764858, -0.3559413271734577, -0.4087247165168046], [0.033520106740242556, -0.7185452007306221, 0.6946717134119483], [-0.540949650823316, -0.5974932288993465, -0.5919245947036365]], "position": [3.360196202993393, 3.954501698414485, 3.5208086172739668], "focal_length": [512.0], "principal_point": [128.0, 128.0], "image_size": [256, 256], "skew": [0.0], "pixel_aspect_ratio": [1.0]}, "identity": 1010}, "pixabay_cat_000313.jpg": {"camera": {"orientation": [[0.7881907609659127, -0.4564843321047496, -0.41276480881737254], [0.018219481017875377, -0.6530931749231779, 0.7570580246174263], [-0.6151591528755795, -0.604227487515324, -0.5064460925889436]], "position": [3.5255697866280875, 3.772874176502228, 2.8139519194761915], "focal_length": [512.0], "principal_point": [128.0, 128.0], "image_size": [256, 256], "skew": [0.0], "pixel_aspect_ratio": [1.0]}, "identity": 1011}, "pixabay_cat_000316.jpg": {"camera": {"orientation": [[0.7421589150884724, -0.39686750198131937, -0.5400868519047562], [0.1167436706990331, -0.7169649423952543, 0.6872639790004262], [-0.6599761640248824, -0.5731117232712049, -0.4857712124579504]], "position": [4.072682062784831, 3.7291129430135093, 2.9378933211167655], "focal_length": [512.0], "principal_point": [128.0, 128.0], "image_size": [256, 256], "skew": [0.0], "pixel_aspect_ratio": [1.0]}, "identity": 1012}, "pixabay_cat_000317.jpg": {"camera": {"orientation": [[0.8178801532164339, -0.38313216198861444, -0.42927750211980714], [0.0019947928695907002, -0.7441759363425593, 0.6679804089920154], [-0.5753828709456846, -0.5471851171638926, -0.6078835682958774]], "position": [3.92715185880661, 4.000290979941687, 4.034116119146347], "focal_length": [512.0], "principal_point": [128.0, 128.0], "image_size": [256, 256], "skew": [0.0], "pixel_aspect_ratio": [1.0]}, "identity": 1013}, "pixabay_cat_000318.jpg": {"camera": {"orientation": [[0.9300809923448512, 0.26393893753707953, 0.25550500999916326], [0.06554044647609752, -0.8036012711046481, 0.5915481084413579], [0.36145680621422627, -0.5334425479624139, -0.7647141210963783]], "position": [-2.5482801099618277, 4.0839264790217085, 5.30404398838679], "focal_length": [512.0], "principal_point": [128.0, 128.0], "image_size": [256, 256], "skew": [0.0], "pixel_aspect_ratio": [1.0]}, "identity": 1014}, "pixabay_cat_000319.jpg": {"camera": {"orientation": [[0.8457179718039106, -0.3670162513820736, -0.38737257097327016], [0.0356407296846071, -0.6854531691901995, 0.7272435874051795], [-0.5324360768285142, -0.6288501954009846, -0.5666203559890659]], "position": [3.3499357601006827, 4.222094515959422, 3.4345440566539764], "focal_length": [512.0], "principal_point": [128.0, 128.0], "image_size": [256, 256], "skew": [0.0], "pixel_aspect_ratio": [1.0]}, "identity": 1015}, "pixabay_cat_000320.jpg": {"camera": {"orientation": [[0.9698778178498295, -0.1111526619955342, -0.21674708480285362], [0.011042200827906183, -0.8688396578095824, 0.4949702334747624], [-0.24333574098373853, -0.4824547107827751, -0.841442180659559]], "position": [1.5766988197962444, 3.4213001529375715, 5.422084033489227], "focal_length": [512.0], "principal_point": [128.0, 128.0], "image_size": [256, 256], "skew": [0.0], "pixel_aspect_ratio": [1.0]}, "identity": 1016}, "pixabay_cat_000321.jpg": {"camera": {"orientation": [[0.9647759494328452, 0.14897292442102478, 0.21682161346950515], [-0.002024447987514791, -0.8199763390852352, 0.5723936113209299], [0.263059776264669, -0.5526713421737349, -0.7907930456505704]], "position": [-2.5281863907972975, 5.497268338998159, 7.69335279862086], "focal_length": [512.0], "principal_point": [128.0, 128.0], "image_size": [256, 256], "skew": [0.0], "pixel_aspect_ratio": [1.0]}, "identity": 1017}, "pixabay_cat_000322.jpg": {"camera": {"orientation": [[0.8951857750145421, 0.27927744527477905, 0.34733815542468954], [-0.03089791495190365, -0.7385639929178787, 0.6734746980309779], [0.44461781847408893, -0.6136179255832449, -0.6525239720188334]], "position": [-2.9555355509122214, 4.323331514994304, 4.110327363014221], "focal_length": [512.0], "principal_point": [128.0, 128.0], "image_size": [256, 256], "skew": [0.0], "pixel_aspect_ratio": [1.0]}, "identity": 1018}, "pixabay_cat_000323.jpg": {"camera": {"orientation": [[0.9838907346355663, 0.09454553449312149, 0.1517146249229484], [0.0005643199052104142, -0.8503303317271385, 0.5262487952226855], [0.178762040296998, -0.5176864445180049, -0.8366867063527657]], "position": [-1.226644590497017, 3.6697904268900556, 5.5465539296468105], "focal_length": [512.0], "principal_point": [128.0, 128.0], "image_size": [256, 256], "skew": [0.0], "pixel_aspect_ratio": [1.0]}, "identity": 1019}, "flickr_cat_000113.jpg": {"camera": {"orientation": [[0.7520524712693202, -0.4814131665286882, -0.4501731976540526], [-0.02495488918817762, -0.7033189344772187, 0.7104359932736095], [-0.6586287256860719, -0.5230520147422013, -0.5409474347935601]], "position": [4.805062214533488, 4.083797583977382, 3.7620939314365387], "focal_length": [512.0], "principal_point": [128.0, 128.0], "image_size": [256, 256], "skew": [0.0], "pixel_aspect_ratio": [1.0]}, "identity": 102}, "pixabay_cat_000324.jpg": {"camera": {"orientation": [[0.7712549240829322, -0.4676817718430719, -0.4317835517878264], [0.037350354117822865, -0.6439253965178208, 0.764175711973484], [-0.6354275933228419, -0.6055025417028674, -0.47916353250052546]], "position": [3.990206867456436, 4.066669940948486, 2.9233979682127638], "focal_length": [512.0], "principal_point": [128.0, 128.0], "image_size": [256, 256], "skew": [0.0], "pixel_aspect_ratio": [1.0]}, "identity": 1020}, "pixabay_cat_000326.jpg": {"camera": {"orientation": [[0.9990973294072878, -0.023473286704846563, 0.035366749645164904], [-0.03158036328293916, -0.9677801202121051, 0.2498084779798581], [0.028363406426402428, -0.25070021904052603, -0.9676491478133472]], "position": [-0.17626959209640822, 1.503810410698255, 4.937530060609182], "focal_length": [512.0], "principal_point": [128.0, 128.0], "image_size": [256, 256], "skew": [0.0], "pixel_aspect_ratio": [1.0]}, "identity": 1021}, "pixabay_cat_000327.jpg": {"camera": {"orientation": [[0.9438659086011005, -0.18849512166570564, -0.2712635972475377], [0.007086339345079226, -0.8094597530641463, 0.5871323682507656], [-0.3302485940592782, -0.5560973144704955, -0.7626868961478444]], "position": [2.26236234108607, 4.048811395963034, 5.1812708377838135], "focal_length": [512.0], "principal_point": [128.0, 128.0], "image_size": [256, 256], "skew": [0.0], "pixel_aspect_ratio": [1.0]}, "identity": 1022}, "pixabay_cat_000328.jpg": {"camera": {"orientation": [[0.9010379877581179, -0.21436483700347736, -0.3770616935535711], [0.06442354492560493, -0.7935459912658027, 0.6050901329405607], [-0.4289258804831356, -0.5695016933945671, -0.7012060892009805]], "position": [3.4106455743312836, 4.802888631820679, 5.230365693569183], "focal_length": [512.0], "principal_point": [128.0, 128.0], "image_size": [256, 256], "skew": [0.0], "pixel_aspect_ratio": [1.0]}, "identity": 1023}, "pixabay_cat_000329.jpg": {"camera": {"orientation": [[0.8512306770090061, 0.15130181743580892, 0.502505176580022], [-0.1364895530215496, -0.8607549387809897, 0.4903787704928377], [0.5067290147258944, -0.48601285649117426, -0.7120511203562702]], "position": [-2.9558767875035605, 3.0895883838335676, 4.018358886241913], "focal_length": [512.0], "principal_point": [128.0, 128.0], "image_size": [256, 256], "skew": [0.0], "pixel_aspect_ratio": [1.0]}, "identity": 1024}, "pixabay_cat_000330.jpg": {"camera": {"orientation": [[0.8859001927841618, -0.3935383762110689, -0.24557211220808137], [-0.09582768301808173, -0.6732381263164466, 0.7331896118869061], [-0.45386690891997106, -0.6260011966926591, -0.6341346864864974]], "position": [3.2289832830429077, 4.742934803167979, 4.348157346248627], "focal_length": [512.0], "principal_point": [128.0, 128.0], "image_size": [256, 256], "skew": [0.0], "pixel_aspect_ratio": [1.0]}, "identity": 1025}, "pixabay_cat_000331.jpg": {"camera": {"orientation": [[0.976959941557331, -0.12970708995983754, -0.16947708895296457], [0.014014086655906408, -0.7534122901295106, 0.6573987905078311], [-0.21295543721873175, -0.6446282922740121, -0.7342369931605407]], "position": [1.3525689641634624, 4.451330006122589, 4.680740336577098], "focal_length": [512.0], "principal_point": [128.0, 128.0], "image_size": [256, 256], "skew": [0.0], "pixel_aspect_ratio": [1.0]}, "identity": 1026}, "pixabay_cat_000332.jpg": {"camera": {"orientation": [[0.9851212700711637, 0.07611204743307132, 0.15407855428592523], [-0.016352888055056726, -0.8509896071363225, 0.5249276698010614], [0.17107258023293417, -0.5196377889511687, -0.8370845283646976]], "position": [-1.0820223639408748, 3.535109510024389, 5.2694931626319885], "focal_length": [512.0], "principal_point": [128.0, 128.0], "image_size": [256, 256], "skew": [0.0], "pixel_aspect_ratio": [1.0]}, "identity": 1027}, "pixabay_cat_000333.jpg": {"camera": {"orientation": [[0.8948243320201893, -0.2508865978799394, -0.36924599251511914], [0.019982194204947054, -0.803796303731741, 0.594568693815394], [-0.44596793595392215, -0.5394136953719451, -0.7142443938285319]], "position": [3.123565763235092, 3.9783284068107605, 4.773283004760742], "focal_length": [512.0], "principal_point": [128.0, 128.0], "image_size": [256, 256], "skew": [0.0], "pixel_aspect_ratio": [1.0]}, "identity": 1028}, "pixabay_cat_000334.jpg": {"camera": {"orientation": [[0.7953665117112142, 0.5091152287897264, 0.32892430200139566], [0.12740506956925754, -0.6709675879570839, 0.7304587378973495], [0.5925854038708458, -0.5390767137772885, -0.5985300782044076]], "position": [-3.587049742539724, 3.5205205281575522, 3.5278146465619407], "focal_length": [512.0], "principal_point": [128.0, 128.0], "image_size": [256, 256], "skew": [0.0], "pixel_aspect_ratio": [1.0]}, "identity": 1029}, "flickr_cat_000114.jpg": {"camera": {"orientation": [[0.9988601116265164, -0.024114181778847853, 0.04116349927537247], [-0.023861953027114614, -0.9996934240774481, -0.006607924253301032], [0.041310224317820915, 0.005618158269599627, -0.9991305723254251]], "position": [-0.2791384855906169, 0.19465944108863673, 5.602740744749705], "focal_length": [512.0], "principal_point": [128.0, 128.0], "image_size": [256, 256], "skew": [0.0], "pixel_aspect_ratio": [1.0]}, "identity": 103}, "pixabay_cat_000335.jpg": {"camera": {"orientation": [[0.8635665815422295, 0.36863577770882283, 0.34403157623872405], [0.031362313217814214, -0.720235431580435, 0.6930201465292455], [0.5032558666979625, -0.587680339622486, -0.6335335986821575]], "position": [-3.0073938270409903, 3.8508790234724684, 3.5309632619222007], "focal_length": [512.0], "principal_point": [128.0, 128.0], "image_size": [256, 256], "skew": [0.0], "pixel_aspect_ratio": [1.0]}, "identity": 1030}, "pixabay_cat_000336.jpg": {"camera": {"orientation": [[0.8768598275574737, 0.2647073381591258, 0.40130310040832595], [-0.0046458287029925716, -0.8300506760363228, 0.5576684032197292], [0.48072088528405665, -0.49086215661699795, -0.7266095112809892]], "position": [-3.991090257962545, 4.566814502080282, 5.959391097227733], "focal_length": [512.0], "principal_point": [128.0, 128.0], "image_size": [256, 256], "skew": [0.0], "pixel_aspect_ratio": [1.0]}, "identity": 1031}, "pixabay_cat_000337.jpg": {"camera": {"orientation": [[0.9878425077295401, -0.10487951016625231, -0.11473728129818367], [-0.037347461240372734, -0.8766108731901217, 0.4797482348259374], [-0.15089573390692795, -0.46963122769572185, -0.8698717161517541]], "position": [0.9593827029069265, 3.386829048395157, 5.597221851348877], "focal_length": [512.0], "principal_point": [128.0, 128.0], "image_size": [256, 256], "skew": [0.0], "pixel_aspect_ratio": [1.0]}, "identity": 1032}, "pixabay_cat_000338.jpg": {"camera": {"orientation": [[0.9780820896587823, 0.01880782580996681, 0.20736158009110245], [-0.13788984005124102, -0.6877058357369398, 0.7127738932653027], [0.15600945875240996, -0.7257454764573017, -0.6700403525138784]], "position": [-1.1165905743837357, 5.170668164889018, 4.813346763451895], "focal_length": [512.0], "principal_point": [128.0, 128.0], "image_size": [256, 256], "skew": [0.0], "pixel_aspect_ratio": [1.0]}, "identity": 1033}, "pixabay_cat_000340.jpg": {"camera": {"orientation": [[0.9974282986069368, 0.06784220001607764, 0.02305290340587876], [0.05456582474446646, -0.927717554339741, 0.36927308218145527], [0.04643889779504283, -0.3670660354089086, -0.9290349053420507]], "position": [-0.35324810693661374, 2.8651736676692963, 6.741614143053691], "focal_length": [512.0], "principal_point": [128.0, 128.0], "image_size": [256, 256], "skew": [0.0], "pixel_aspect_ratio": [1.0]}, "identity": 1034}, "pixabay_cat_000341.jpg": {"camera": {"orientation": [[0.8377047225834596, -0.35825463415461145, -0.4121914276661025], [-0.04259296418109251, -0.795322371586007, 0.6046882423356152], [-0.5444575239051642, -0.4889945277029315, -0.6815056116292051]], "position": [4.212506115436554, 4.079681883255641, 5.002584060033163], "focal_length": [512.0], "principal_point": [128.0, 128.0], "image_size": [256, 256], "skew": [0.0], "pixel_aspect_ratio": [1.0]}, "identity": 1035}, "pixabay_cat_000342.jpg": {"camera": {"orientation": [[0.9614369561858818, 0.15386728258068258, 0.22794961608909178], [0.00349302852620606, -0.8356116402956804, 0.5493093388525396], [0.27499812158566295, -0.5273308357664432, -0.8039265773435579]], "position": [-2.006935700774193, 4.184660315513611, 5.72160929441452], "focal_length": [512.0], "principal_point": [128.0, 128.0], "image_size": [256, 256], "skew": [0.0], "pixel_aspect_ratio": [1.0]}, "identity": 1036}, "pixabay_cat_000344.jpg": {"camera": {"orientation": [[0.9869820706682432, 0.0489913668785361, 0.15317866180363432], [0.04787641326597378, -0.9987931218831884, 0.010961167430681491], [0.15353079662844582, -0.003484840029387061, -0.9881377106650443]], "position": [-0.925636353592078, 0.20926247040430707, 5.614936848481497], "focal_length": [512.0], "principal_point": [128.0, 128.0], "image_size": [256, 256], "skew": [0.0], "pixel_aspect_ratio": [1.0]}, "identity": 1037}, "pixabay_cat_000345.jpg": {"camera": {"orientation": [[0.9983610336453711, -0.010784045761998465, -0.05617921375410985], [0.018441917108891467, -0.868961617405372, 0.49453555635236396], [-0.05415067307407746, -0.4947617862773928, -0.8673397779774451]], "position": [0.3164195455610752, 3.486690918604533, 5.362769961357117], "focal_length": [512.0], "principal_point": [128.0, 128.0], "image_size": [256, 256], "skew": [0.0], "pixel_aspect_ratio": [1.0]}, "identity": 1038}, "pixabay_cat_000346.jpg": {"camera": {"orientation": [[0.6850865456296145, -0.4695979688973715, -0.5568947285890811], [0.032618166269974935, -0.7439404556153261, 0.6674490871111076], [-0.7277293771396254, -0.4754260996871438, -0.49434729395319776]], "position": [4.744007190068563, 3.403995434443156, 3.0711298187573752], "focal_length": [512.0], "principal_point": [128.0, 128.0], "image_size": [256, 256], "skew": [0.0], "pixel_aspect_ratio": [1.0]}, "identity": 1039}, "flickr_cat_000115.jpg": {"camera": {"orientation": [[0.9526242547476851, -0.0034595427604140194, -0.3041253801825026], [0.18172005709676625, -0.7953592416056953, 0.578257038634183], [-0.24388939328312514, -0.6061282153514351, -0.7570509892213536]], "position": [1.6689402361710868, 4.3922702471415205, 5.004042387008667], "focal_length": [512.0], "principal_point": [128.0, 128.0], "image_size": [256, 256], "skew": [0.0], "pixel_aspect_ratio": [1.0]}, "identity": 104}, "pixabay_cat_000347.jpg": {"camera": {"orientation": [[0.7575829359305921, -0.4498238086006159, -0.4729948135946631], [0.005220610323846214, -0.7204345304716107, 0.6935030123088353], [-0.6527160927227551, -0.5278562532258364, -0.5434416415061631]], "position": [4.451443254947662, 3.8310868044694266, 3.515372176965078], "focal_length": [512.0], "principal_point": [128.0, 128.0], "image_size": [256, 256], "skew": [0.0], "pixel_aspect_ratio": [1.0]}, "identity": 1040}, "pixabay_cat_000348.jpg": {"camera": {"orientation": [[0.8968074938114603, -0.2514827935755416, -0.36399172492562853], [0.1202332206367818, -0.6532312104034208, 0.7475509722232275], [-0.4257670066294473, -0.7141742700153985, -0.555587008780393]], "position": [2.7284887929757438, 4.9718911449114485, 3.443475067615509], "focal_length": [512.0], "principal_point": [128.0, 128.0], "image_size": [256, 256], "skew": [0.0], "pixel_aspect_ratio": [1.0]}, "identity": 1041}, "pixabay_cat_000349.jpg": {"camera": {"orientation": [[0.9927016412708286, -0.077051477217111, -0.09275626243865483], [-0.03361155943329513, -0.9155440885561508, 0.400810636630099], [-0.11580551556549305, -0.3947682525508152, -0.9114532270248019]], "position": [0.8729327470064163, 3.341033309698105, 6.853843728701274], "focal_length": [512.0], "principal_point": [128.0, 128.0], "image_size": [256, 256], "skew": [0.0], "pixel_aspect_ratio": [1.0]}, "identity": 1042}, "pixabay_cat_000350.jpg": {"camera": {"orientation": [[0.8181197318037217, -0.28081451935441615, -0.5018173855653484], [0.10062564865772003, -0.7892819966883208, 0.6057293988937298], [-0.566173084461021, -0.5460557037259974, -0.6174711776756786]], "position": [4.740479588508606, 4.353634019692739, 5.422649780909221], "focal_length": [512.0], "principal_point": [128.0, 128.0], "image_size": [256, 256], "skew": [0.0], "pixel_aspect_ratio": [1.0]}, "identity": 1043}, "pixabay_cat_000351.jpg": {"camera": {"orientation": [[0.7760448110963533, 0.4571622685639781, 0.43445890337449045], [-0.0002065235701259882, -0.6886944005167741, 0.7250513975643406], [0.6306756978574192, -0.5627630335793438, -0.5343643491873223]], "position": [-5.136663715044658, 4.7866662343343105, 4.294928411642711], "focal_length": [512.0], "principal_point": [128.0, 128.0], "image_size": [256, 256], "skew": [0.0], "pixel_aspect_ratio": [1.0]}, "identity": 1044}, "pixabay_cat_000352.jpg": {"camera": {"orientation": [[0.825944603791186, -0.3108286908365595, -0.4703173505174641], [0.03502893638913085, -0.8043592472109813, 0.5931095123626441], [-0.5626596296700012, -0.5063511084143469, -0.6534693548578883]], "position": [3.4074371059735618, 3.3004303773244223, 3.9355605840682983], "focal_length": [512.0], "principal_point": [128.0, 128.0], "image_size": [256, 256], "skew": [0.0], "pixel_aspect_ratio": [1.0]}, "identity": 1045}, "pixabay_cat_000354.jpg": {"camera": {"orientation": [[0.8711635621417768, -0.35046031068866634, -0.3438733921368], [-0.015257848414277742, -0.7193526747845751, 0.694477156615044], [-0.49075303081023647, -0.5997573622977485, -0.6320221803176025]], "position": [4.1431811948617305, 5.3298816084861755, 5.281290908654531], "focal_length": [512.0], "principal_point": [128.0, 128.0], "image_size": [256, 256], "skew": [0.0], "pixel_aspect_ratio": [1.0]}, "identity": 1046}, "pixabay_cat_000356.jpg": {"camera": {"orientation": [[0.8331088545145681, -0.4056942740265552, -0.37595098170441604], [-0.04017995415215814, -0.7223030808908393, 0.69040816107837], [-0.5516453171257583, -0.5600803635384412, -0.6180589599128213]], "position": [4.47466919819514, 4.819061855475108, 4.837803542613983], "focal_length": [512.0], "principal_point": [128.0, 128.0], "image_size": [256, 256], "skew": [0.0], "pixel_aspect_ratio": [1.0]}, "identity": 1047}, "pixabay_cat_000357.jpg": {"camera": {"orientation": [[0.9076998173673121, 0.311388192930375, 0.28127508264862466], [0.02752786565146656, -0.7130591267055553, 0.7005629756746036], [0.41871290334560973, -0.6281589445171786, -0.6558165494614878]], "position": [-3.213210652271907, 5.18345981836319, 5.166748662789663], "focal_length": [512.0], "principal_point": [128.0, 128.0], "image_size": [256, 256], "skew": [0.0], "pixel_aspect_ratio": [1.0]}, "identity": 1048}, "pixabay_cat_000358.jpg": {"camera": {"orientation": [[0.9356372531076593, -0.22796156827130443, -0.2694691996019246], [0.030474280043461074, -0.7084325479502974, 0.7051200045538558], [-0.3516410732531784, -0.6679494187118394, -0.6558899534822185]], "position": [2.300610641638438, 4.651413361231486, 4.2655979593594875], "focal_length": [512.0], "principal_point": [128.0, 128.0], "image_size": [256, 256], "skew": [0.0], "pixel_aspect_ratio": [1.0]}, "identity": 1049}, "flickr_cat_000116.jpg": {"camera": {"orientation": [[0.7936453755471532, -0.3821248138203907, -0.47339735567770647], [0.014425152227172944, -0.7660913702471892, 0.6425695214475724], [-0.608207484895686, -0.5168019945519473, -0.6024938009268699]], "position": [3.921337922414144, 3.6288542052110038, 3.834635267655055], "focal_length": [512.0], "principal_point": [128.0, 128.0], "image_size": [256, 256], "skew": [0.0], "pixel_aspect_ratio": [1.0]}, "identity": 105}, "pixabay_cat_000359.jpg": {"camera": {"orientation": [[0.8071436294551244, -0.42071091197665544, -0.41414836841114244], [0.04172517055522848, -0.6591179910557188, 0.7508808094510874], [-0.5888765173242838, -0.6233500689047479, -0.5144496430943639]], "position": [4.043954610824585, 4.574301838874817, 3.441287825504939], "focal_length": [512.0], "principal_point": [128.0, 128.0], "image_size": [256, 256], "skew": [0.0], "pixel_aspect_ratio": [1.0]}, "identity": 1050}, "pixabay_cat_000360.jpg": {"camera": {"orientation": [[0.884573035098239, 0.26887108139224714, 0.3810986306527526], [-0.03754241584146953, -0.7734102593450902, 0.632792865485983], [0.4648853532939339, -0.5740597400864643, -0.6740449187567107]], "position": [-2.9760273794333143, 3.8289743165175123, 4.025358458360037], "focal_length": [512.0], "principal_point": [128.0, 128.0], "image_size": [256, 256], "skew": [0.0], "pixel_aspect_ratio": [1.0]}, "identity": 1051}, "pixabay_cat_000361.jpg": {"camera": {"orientation": [[0.9411363411373886, 0.11611951953104438, 0.3174522704004445], [-0.004049547614434268, -0.9352028572211122, 0.3540891510072377], [0.33799894668864866, -0.33453218511944016, -0.879684467163343]], "position": [-2.4976874391237898, 2.8078260521094007, 6.470549603303274], "focal_length": [512.0], "principal_point": [128.0, 128.0], "image_size": [256, 256], "skew": [0.0], "pixel_aspect_ratio": [1.0]}, "identity": 1052}, "pixabay_cat_000362.jpg": {"camera": {"orientation": [[0.8323591248816177, -0.407579475434355, -0.3755723673591367], [0.0017513542630768486, -0.6757045089387944, 0.7371701834821656], [-0.5542315081961107, -0.6142490682626556, -0.5617160157368536]], "position": [3.9834894239902496, 4.7292545437812805, 3.762224813302358], "focal_length": [512.0], "principal_point": [128.0, 128.0], "image_size": [256, 256], "skew": [0.0], "pixel_aspect_ratio": [1.0]}, "identity": 1053}, "pixabay_cat_000363.jpg": {"camera": {"orientation": [[0.8002098703201981, -0.3190364127559158, -0.5078162370896162], [0.09486151487294502, -0.7687636514921958, 0.6324582256205359], [-0.5921679291485062, -0.5542723892590208, -0.5849091063217867]], "position": [3.64844153324763, 3.555539002021154, 3.4780835111935935], "focal_length": [512.0], "principal_point": [128.0, 128.0], "image_size": [256, 256], "skew": [0.0], "pixel_aspect_ratio": [1.0]}, "identity": 1054}, "pixabay_cat_000364.jpg": {"camera": {"orientation": [[0.9404635433386024, -0.14717390328310392, -0.3063746028375121], [0.031122072519841976, -0.8603179549869634, 0.5088066760922956], [-0.3384626592011258, -0.4880498532183327, -0.8045185455877092]], "position": [2.2032881776491804, 3.5343428452809653, 5.1727627714475], "focal_length": [512.0], "principal_point": [128.0, 128.0], "image_size": [256, 256], "skew": [0.0], "pixel_aspect_ratio": [1.0]}, "identity": 1055}, "pixabay_cat_000365.jpg": {"camera": {"orientation": [[0.9861075914127432, 0.0489948834668017, 0.15870890739064777], [-0.024202785755353576, -0.902923149658727, 0.42911988301988246], [0.16432662916502347, -0.42700017591962613, -0.8891948337530263]], "position": [-1.0390060643355052, 3.185312201579412, 5.810960630575816], "focal_length": [512.0], "principal_point": [128.0, 128.0], "image_size": [256, 256], "skew": [0.0], "pixel_aspect_ratio": [1.0]}, "identity": 1056}, "pixabay_cat_000366.jpg": {"camera": {"orientation": [[0.8386767805423319, -0.22909294091240323, -0.4941002328876578], [0.10683448904622866, -0.820398829636992, 0.5617222571741556], [-0.5340458853560832, -0.5238911401032691, -0.6635756040080913]], "position": [3.736501435438792, 3.798310955365499, 4.349123438199362], "focal_length": [512.0], "principal_point": [128.0, 128.0], "image_size": [256, 256], "skew": [0.0], "pixel_aspect_ratio": [1.0]}, "identity": 1057}, "pixabay_cat_000367.jpg": {"camera": {"orientation": [[0.8589459895939198, 0.3082538926074073, 0.4088870774414078], [-0.022979749241189867, -0.7744995916345583, 0.6321566168870411], [0.5115476864682381, -0.5523853680553442, -0.6581708565033728]], "position": [-3.968435029188792, 4.483333230018616, 4.787359635035197], "focal_length": [512.0], "principal_point": [128.0, 128.0], "image_size": [256, 256], "skew": [0.0], "pixel_aspect_ratio": [1.0]}, "identity": 1058}, "pixabay_cat_000368.jpg": {"camera": {"orientation": [[0.9940721204840898, -0.021454324930808476, -0.10657133517284421], [0.07250553604106016, -0.5995847989281077, 0.7970197221379605], [-0.08099805418747995, -0.8000232510216416, -0.5944758422329024]], "position": [0.5424561599890392, 5.910870432853699, 4.052705814441046], "focal_length": [512.0], "principal_point": [128.0, 128.0], "image_size": [256, 256], "skew": [0.0], "pixel_aspect_ratio": [1.0]}, "identity": 1059}, "flickr_cat_000117.jpg": {"camera": {"orientation": [[0.8674760921280154, 0.22082822909594269, 0.4457774055377082], [0.009747050291360013, -0.9034505387768352, 0.42858136117858553], [0.49738073652303644, -0.3674396295630363, -0.7858754483312478]], "position": [-3.6611102521419525, 3.0205945173899336, 5.789359410603842], "focal_length": [512.0], "principal_point": [128.0, 128.0], "image_size": [256, 256], "skew": [0.0], "pixel_aspect_ratio": [1.0]}, "identity": 106}, "pixabay_cat_000369.jpg": {"camera": {"orientation": [[0.992097696819564, 0.06656586083728133, 0.10634036412170308], [-0.012259795879754752, -0.7921313933227908, 0.6102272145027877], [0.12485585398983681, -0.6067096027638234, -0.7850567900716897]], "position": [-0.7989757383863132, 4.618962605794271, 5.469306310017904], "focal_length": [512.0], "principal_point": [128.0, 128.0], "image_size": [256, 256], "skew": [0.0], "pixel_aspect_ratio": [1.0]}, "identity": 1060}, "pixabay_cat_000370.jpg": {"camera": {"orientation": [[0.8832789285180227, -0.33594707704045623, -0.3270400365642896], [-0.07219006605431813, -0.786677344450485, 0.6131288959794892], [-0.4632539459638432, -0.5179556063505133, -0.7191087311041888]], "position": [3.3134361108144126, 3.976033131281535, 4.949596027533214], "focal_length": [512.0], "principal_point": [128.0, 128.0], "image_size": [256, 256], "skew": [0.0], "pixel_aspect_ratio": [1.0]}, "identity": 1061}, "pixabay_cat_000371.jpg": {"camera": {"orientation": [[0.9365129796602885, -0.13553944285642858, -0.3233723749014341], [0.13214873131029817, -0.7178124136452058, 0.683580019319453], [-0.32477276091492546, -0.6829157996633801, -0.6543303168518745]], "position": [2.0427926133076353, 4.514074822266897, 4.046911001205444], "focal_length": [512.0], "principal_point": [128.0, 128.0], "image_size": [256, 256], "skew": [0.0], "pixel_aspect_ratio": [1.0]}, "identity": 1062}, "pixabay_cat_000372.jpg": {"camera": {"orientation": [[0.7630399325622336, -0.4724489109261073, -0.441089034577494], [-0.027544503438281936, -0.705580119286153, 0.7080943224716982], [-0.6457621932183, -0.5281555601818939, -0.5514002582963662]], "position": [4.764825602372488, 4.120096067587535, 4.050158709287643], "focal_length": [512.0], "principal_point": [128.0, 128.0], "image_size": [256, 256], "skew": [0.0], "pixel_aspect_ratio": [1.0]}, "identity": 1063}, "pixabay_cat_000373.jpg": {"camera": {"orientation": [[0.8838686863720757, -0.2978452694493833, -0.3606405588709738], [0.038344424970427865, -0.7223045954684526, 0.6905109516223548], [-0.466157829827872, -0.6241505144621343, -0.6270027694138189]], "position": [3.2060240705808005, 4.501726726690928, 4.206623136997223], "focal_length": [512.0], "principal_point": [128.0, 128.0], "image_size": [256, 256], "skew": [0.0], "pixel_aspect_ratio": [1.0]}, "identity": 1064}, "pixabay_cat_000374.jpg": {"camera": {"orientation": [[0.7340647239997029, -0.4768124061016926, -0.4835249708031546], [0.056583593177801456, -0.666608924039476, 0.7432565884198057], [-0.6767161627933576, -0.5729589763969789, -0.46235534736287187]], "position": [4.244489471117656, 4.003513604402542, 2.7249107758204145], "focal_length": [512.0], "principal_point": [128.0, 128.0], "image_size": [256, 256], "skew": [0.0], "pixel_aspect_ratio": [1.0]}, "identity": 1065}, "pixabay_cat_000375.jpg": {"camera": {"orientation": [[0.79760995982409, 0.3679135785249819, 0.47797003077641254], [-0.06074840152605754, -0.7393997704243964, 0.670520122163754], [0.6001044769833763, -0.5638503358617504, -0.5674035509785565]], "position": [-4.61672842502594, 4.664590458075206, 4.289717475573222], "focal_length": [512.0], "principal_point": [128.0, 128.0], "image_size": [256, 256], "skew": [0.0], "pixel_aspect_ratio": [1.0]}, "identity": 1066}, "pixabay_cat_000376.jpg": {"camera": {"orientation": [[0.9841369740567432, -0.09351982926758838, -0.1507502474919169], [-0.009357921629150667, -0.8759482306672628, 0.4823141612454637], [-0.17715536934537363, -0.47325316942297774, -0.862929439687593]], "position": [1.1676650494337082, 3.492569426695506, 5.657215416431427], "focal_length": [512.0], "principal_point": [128.0, 128.0], "image_size": [256, 256], "skew": [0.0], "pixel_aspect_ratio": [1.0]}, "identity": 1067}, "pixabay_cat_000377.jpg": {"camera": {"orientation": [[0.9415886279217957, -0.22420768502561583, -0.2512747108392803], [-0.03920915070633656, -0.8140653499372825, 0.5794479971526987], [-0.33447078920706586, -0.5357501776750431, -0.7753068524634633]], "position": [2.331533282995224, 3.935348490873973, 5.181702971458435], "focal_length": [512.0], "principal_point": [128.0, 128.0], "image_size": [256, 256], "skew": [0.0], "pixel_aspect_ratio": [1.0]}, "identity": 1068}, "pixabay_cat_000378.jpg": {"camera": {"orientation": [[0.9957400314708169, -0.033492166089444435, -0.08589081790917588], [0.010524284065183194, -0.884286281315778, 0.46682635735888706], [-0.09158710190515623, -0.46574229278721196, -0.880168023410017]], "position": [0.6800056745608648, 3.5441696643829346, 6.00075920422872], "focal_length": [512.0], "principal_point": [128.0, 128.0], "image_size": [256, 256], "skew": [0.0], "pixel_aspect_ratio": [1.0]}, "identity": 1069}, "flickr_cat_000118.jpg": {"camera": {"orientation": [[0.90842287402201, 0.2542409299369018, 0.3318534005449464], [-0.00670253737637623, -0.7848547001112339, 0.6196433372959781], [0.41799546157960077, -0.5651232954032229, -0.7112770478076218]], "position": [-3.0078416069348655, 4.547176758448283, 4.994825522104899], "focal_length": [512.0], "principal_point": [128.0, 128.0], "image_size": [256, 256], "skew": [0.0], "pixel_aspect_ratio": [1.0]}, "identity": 107}, "pixabay_cat_000379.jpg": {"camera": {"orientation": [[0.9289827874000828, -0.16581133399038483, -0.3309000947240764], [-0.01568227872542531, -0.9108674668880361, 0.4124007743674943], [-0.369786880922041, -0.37792450844746744, -0.8487817836193068]], "position": [2.646602690219879, 2.9387354850769043, 5.621689558029175], "focal_length": [512.0], "principal_point": [128.0, 128.0], "image_size": [256, 256], "skew": [0.0], "pixel_aspect_ratio": [1.0]}, "identity": 1070}, "pixabay_cat_000381.jpg": {"camera": {"orientation": [[0.9245576041588267, -0.20069226290173803, -0.32390289584156823], [0.02504506829855037, -0.8162071623939331, 0.5772160327256619], [-0.3802146957668721, -0.5417824466453405, -0.7496053666592717]], "position": [2.5355425973733268, 3.9399179319540663, 4.893007377783458], "focal_length": [512.0], "principal_point": [128.0, 128.0], "image_size": [256, 256], "skew": [0.0], "pixel_aspect_ratio": [1.0]}, "identity": 1071}, "pixabay_cat_000382.jpg": {"camera": {"orientation": [[0.9851866870166976, -0.16875926756328116, 0.030408129618585675], [-0.15753457318652833, -0.8206995914185494, 0.5492128747203839], [-0.06772889329033935, -0.5458683294707567, -0.8351289286392195]], "position": [0.36919210106134415, 3.900277117888133, 5.278297265370687], "focal_length": [512.0], "principal_point": [128.0, 128.0], "image_size": [256, 256], "skew": [0.0], "pixel_aspect_ratio": [1.0]}, "identity": 1072}, "pixabay_cat_000383.jpg": {"camera": {"orientation": [[0.867436683783745, 0.31176970894784106, 0.3877506274574204], [-0.02175850935051274, -0.7548121264389221, 0.6555797942792736], [0.4970688762957186, -0.5771117291989389, -0.6479691932711418]], "position": [-3.7342439095179243, 4.719242950280508, 4.6056171258290615], "focal_length": [512.0], "principal_point": [128.0, 128.0], "image_size": [256, 256], "skew"